{"uid":"@TREE-f67c56-1236-1c61307-2","object_type":"SceneTree","local_repository":null,"extra":{"folder":"gerard/scenes","filename":"emma.scene.json","fullpath":"gerard/scenes/emma.scene.json","viewport_layout":{"cameras":[{"uid":"@CAMf67c56-1866-19a6caf-9","layers":3,"enabled":true,"type":1,"eye":[-41.96879959106445,156.4362335205078,67.45904541015625],"center":[-9.559429168701172,145.13856506347656,30.084686279296875],"up":[0,1,0],"near":0.1,"far":10000,"fov":45,"aspect":1,"background_color":[0.33000001311302185,0.33000001311302185,0.33000001311302185,1],"frustum_size":50,"viewport":[0,0,1,1],"render_to_texture":false,"frame":null,"show_frame":true}]},"editor":{"selected_node":"@NODE-47642e-3071fc-1f1b1cf-12d7"},"publish_name":"gerard/scenes/emma"},"root":{"name":"root","uid":"@NODE-f67c56-1237-1cf18e1-5","layers":3,"flags":{"visible":true,"is_static":false,"selectable":true,"two_sided":false,"flip_normals":false,"cast_shadows":true,"receive_shadows":true,"ignore_lights":false,"depth_test":true,"depth_write":true,"alpha_test":false,"alpha_shadows":false},"extra":{},"children":[{"name":"emma.dae","uid":"@NODE-f67c56-cf5d-1ecb3fc-b","layers":3,"flags":{"visible":true,"is_static":false,"selectable":true,"two_sided":false,"flip_normals":false,"cast_shadows":true,"receive_shadows":true,"ignore_lights":false,"depth_test":true,"depth_write":true},"children":[{"name":"emma","uid":"@NODE-47642e-3071e9-1d25686-1295","layers":3,"node_type":"NODE","flags":{"visible":true,"is_static":false,"selectable":true,"two_sided":false,"flip_normals":false,"cast_shadows":true,"receive_shadows":true,"ignore_lights":false,"depth_test":true,"depth_write":true},"children":[{"name":"hips","uid":"@NODE-47642e-3071ea-10afc20-1297","layers":3,"node_type":"JOINT","flags":{"visible":true,"is_static":false,"selectable":true,"two_sided":false,"flip_normals":false,"cast_shadows":true,"receive_shadows":true,"ignore_lights":false,"depth_test":true,"depth_write":true},"children":[{"name":"thigh.L","uid":"@NODE-47642e-3071eb-128dd89-1299","layers":3,"node_type":"JOINT","flags":{"visible":true,"is_static":false,"selectable":true,"two_sided":false,"flip_normals":false,"cast_shadows":true,"receive_shadows":true,"ignore_lights":false,"depth_test":true,"depth_write":true},"children":[{"name":"shin.L","uid":"@NODE-47642e-3071eb-1f2c69a-129b","layers":3,"node_type":"JOINT","flags":{"visible":true,"is_static":false,"selectable":true,"two_sided":false,"flip_normals":false,"cast_shadows":true,"receive_shadows":true,"ignore_lights":false,"depth_test":true,"depth_write":true},"children":[{"name":"foot.L","uid":"@NODE-47642e-3071eb-1718f74-129d","layers":3,"node_type":"JOINT","flags":{"visible":true,"is_static":false,"selectable":true,"two_sided":false,"flip_normals":false,"cast_shadows":true,"receive_shadows":true,"ignore_lights":false,"depth_test":true,"depth_write":true},"children":[{"name":"toe.L","uid":"@NODE-47642e-3071ec-1e02470-129f","layers":3,"node_type":"JOINT","flags":{"visible":true,"is_static":false,"selectable":true,"two_sided":false,"flip_normals":false,"cast_shadows":true,"receive_shadows":true,"ignore_lights":false,"depth_test":true,"depth_write":true},"components":[["Transform",{"uid":"@COMP-47642e-3071ec-14c641e-12a0","position":[-1.1920899822825959e-7,1.239238977432251,5.96045985901128e-8],"rotation":[-0.24038560688495636,-0.00000777209788793698,0.00000657975533613353,0.9706774950027466],"scaling":[1,1,1],"matrix":[1,0.000016510241039213724,0.000011925044418603648,0,-0.0000090370394900674,0.8844295144081116,-0.4666737914085388,0,-0.00001825175786507316,0.4666737914085388,0.8844295144081116,0,-1.1920899822825959e-7,1.239238977432251,5.96045985901128e-8,1]}]]}],"components":[["Transform",{"uid":"@COMP-47642e-3071eb-132fea3-129e","position":[0,3.8245880603790283,5.96045985901128e-8],"rotation":[-0.5296347737312317,0.03232508897781372,0.07706467807292938,0.8440989851951599],"scaling":[0.9999998807907104,1,0.9999997615814209],"matrix":[0.9860321283340454,0.09585943818092346,-0.13620340824127197,0,-0.16434141993522644,0.42709606885910034,-0.889146089553833,0,-0.027061112225055695,0.8991103768348694,0.4368841052055359,0,0,3.8245880603790283,5.96045985901128e-8,1]}]]}],"components":[["Transform",{"uid":"@COMP-47642e-3071eb-10c9b97-129c","position":[0,3.755795955657959,0],"rotation":[0.06577644497156143,-0.0000018550197182776174,0.000001392550757373101,0.9978343844413757],"scaling":[1,1,1],"matrix":[1,0.0000025350368559884373,0.000003885199021169683,0,-0.000003023103317900677,0.9913468956947327,0.1312679946422577,0,-0.0000035188108995498624,-0.1312679946422577,0.9913468956947327,0,0,3.755795955657959,0,1]}]]}],"components":[["Transform",{"uid":"@COMP-47642e-3071eb-13df099-129a","position":[0.9546499848365784,-0.09952926635742188,-0.08003461360931396],"rotation":[0.9931538701057434,0.05723864957690239,-0.0940108597278595,-0.03912927210330963],"scaling":[0.9999917149543762,0.9999995827674866,0.9999942183494568],"matrix":[0.9757632613182068,0.12104971706867218,-0.18225358426570892,0,0.10633637756109238,-0.9903848767280579,-0.08848484605550766,0,-0.19121280312538147,0.06696028262376785,-0.9792560935020447,0,0.9546499848365784,-0.09952926635742188,-0.08003461360931396,1]}]]},{"name":"thigh.R","uid":"@NODE-47642e-3071ec-11cc055-12a1","layers":3,"node_type":"JOINT","flags":{"visible":true,"is_static":false,"selectable":true,"two_sided":false,"flip_normals":false,"cast_shadows":true,"receive_shadows":true,"ignore_lights":false,"depth_test":true,"depth_write":true},"children":[{"name":"shin.R","uid":"@NODE-47642e-3071ed-173c851-12a3","layers":3,"node_type":"JOINT","flags":{"visible":true,"is_static":false,"selectable":true,"two_sided":false,"flip_normals":false,"cast_shadows":true,"receive_shadows":true,"ignore_lights":false,"depth_test":true,"depth_write":true},"children":[{"name":"foot.R","uid":"@NODE-47642e-3071ed-1110f52-12a5","layers":3,"node_type":"JOINT","flags":{"visible":true,"is_static":false,"selectable":true,"two_sided":false,"flip_normals":false,"cast_shadows":true,"receive_shadows":true,"ignore_lights":false,"depth_test":true,"depth_write":true},"children":[{"name":"toe.R","uid":"@NODE-47642e-3071ee-107a063-12a7","layers":3,"node_type":"JOINT","flags":{"visible":true,"is_static":false,"selectable":true,"two_sided":false,"flip_normals":false,"cast_shadows":true,"receive_shadows":true,"ignore_lights":false,"depth_test":true,"depth_write":true},"components":[["Transform",{"uid":"@COMP-47642e-3071ee-1d9a76d-12a8","position":[1.1920899822825959e-7,1.239238977432251,5.96045985901128e-8],"rotation":[-0.24038560688495636,0.00000777209788793698,-0.00000657975533613353,0.9706774950027466],"scaling":[1,1,1],"matrix":[1,-0.000016510241039213724,-0.000011925044418603648,0,0.0000090370394900674,0.8844295144081116,-0.4666737914085388,0,0.00001825175786507316,0.4666737914085388,0.8844295144081116,0,1.1920899822825959e-7,1.239238977432251,5.96045985901128e-8,1]}]]}],"components":[["Transform",{"uid":"@COMP-47642e-3071ed-1a27d2e-12a6","position":[0,3.8245880603790283,5.96045985901128e-8],"rotation":[-0.5296347737312317,-0.03232508897781372,-0.07706467807292938,0.8440989851951599],"scaling":[0.9999998807907104,1,0.9999997615814209],"matrix":[0.9860321283340454,-0.09585943818092346,0.13620340824127197,0,0.16434141993522644,0.42709606885910034,-0.889146089553833,0,0.027061112225055695,0.8991103768348694,0.4368841052055359,0,0,3.8245880603790283,5.96045985901128e-8,1]}]]}],"components":[["Transform",{"uid":"@COMP-47642e-3071ed-1e95f0c-12a4","position":[0,3.755795955657959,0],"rotation":[0.06577644497156143,0.0000018550197182776174,-0.000001392550757373101,0.9978343844413757],"scaling":[1,1,1],"matrix":[1,-0.0000025350368559884373,-0.000003885199021169683,0,0.000003023103317900677,0.9913468956947327,0.1312679946422577,0,0.0000035188108995498624,-0.1312679946422577,0.9913468956947327,0,0,3.755795955657959,0,1]}]]}],"components":[["Transform",{"uid":"@COMP-47642e-3071ec-19af08c-12a2","position":[-0.9546499848365784,-0.09952926635742188,-0.08003461360931396],"rotation":[0.9931538701057434,-0.05723864957690239,0.0940108597278595,-0.03912927210330963],"scaling":[0.9999917149543762,0.9999995827674866,0.9999942183494568],"matrix":[0.9757632613182068,-0.12104971706867218,0.18225358426570892,0,-0.10633637756109238,-0.9903848767280579,-0.08848484605550766,0,0.19121280312538147,0.06696028262376785,-0.9792560935020447,0,-0.9546499848365784,-0.09952926635742188,-0.08003461360931396,1]}]]},{"name":"spine","uid":"@NODE-47642e-3071ee-172a1b4-12a9","layers":3,"node_type":"JOINT","flags":{"visible":true,"is_static":false,"selectable":true,"two_sided":false,"flip_normals":false,"cast_shadows":true,"receive_shadows":true,"ignore_lights":false,"depth_test":true,"depth_write":true},"children":[{"name":"chest","uid":"@NODE-47642e-3071ef-1e8c666-12ab","layers":3,"node_type":"JOINT","flags":{"visible":true,"is_static":false,"selectable":true,"two_sided":false,"flip_normals":false,"cast_shadows":true,"receive_shadows":true,"ignore_lights":false,"depth_test":true,"depth_write":true},"children":[{"name":"clavicle.R","uid":"@NODE-47642e-3071ef-11fb9ca-12ad","layers":3,"node_type":"JOINT","flags":{"visible":true,"is_static":false,"selectable":true,"two_sided":false,"flip_normals":false,"cast_shadows":true,"receive_shadows":true,"ignore_lights":false,"depth_test":true,"depth_write":true},"children":[{"name":"upper_arm.R","uid":"@NODE-47642e-3071f0-115c4f6-12af","layers":3,"node_type":"JOINT","flags":{"visible":true,"is_static":false,"selectable":true,"two_sided":false,"flip_normals":false,"cast_shadows":true,"receive_shadows":true,"ignore_lights":false,"depth_test":true,"depth_write":true},"children":[{"name":"forearm.R","uid":"@NODE-47642e-3071f0-190db19-12b1","layers":3,"node_type":"JOINT","flags":{"visible":true,"is_static":false,"selectable":true,"two_sided":false,"flip_normals":false,"cast_shadows":true,"receive_shadows":true,"ignore_lights":false,"depth_test":true,"depth_write":true},"children":[{"name":"hand.R","uid":"@NODE-47642e-3071f1-10d9ae5-12b3","layers":3,"node_type":"JOINT","flags":{"visible":true,"is_static":false,"selectable":true,"two_sided":false,"flip_normals":false,"cast_shadows":true,"receive_shadows":true,"ignore_lights":false,"depth_test":true,"depth_write":true},"children":[{"name":"thumb.02.R","uid":"@NODE-47642e-3071f1-112f6f7-12b5","layers":3,"node_type":"JOINT","flags":{"visible":true,"is_static":false,"selectable":true,"two_sided":false,"flip_normals":false,"cast_shadows":true,"receive_shadows":true,"ignore_lights":false,"depth_test":true,"depth_write":true},"children":[{"name":"thumb.03.R","uid":"@NODE-47642e-3071f2-1cde154-12b7","layers":3,"node_type":"JOINT","flags":{"visible":true,"is_static":false,"selectable":true,"two_sided":false,"flip_normals":false,"cast_shadows":true,"receive_shadows":true,"ignore_lights":false,"depth_test":true,"depth_write":true},"components":[["Transform",{"uid":"@COMP-47642e-3071f2-161076d-12b8","position":[0,0.3460673987865448,4.768369876728684e-7],"rotation":[0.0371379554271698,0.008576594293117523,-0.003496271325275302,0.9992672204971313],"scaling":[1.0000001192092896,1,1.0000001192092896],"matrix":[0.999828577041626,-0.006350385025143623,-0.017400309443473816,0,0.00762445293366909,0.9972171187400818,0.07416150718927383,0,0.016880931332707405,-0.07428146153688431,0.9970945715904236,0,0,0.3460673987865448,4.768369876728684e-7,1]}]]}],"components":[["Transform",{"uid":"@COMP-47642e-3071f1-11562ef-12b6","position":[0.3350028991699219,0.5038939118385315,0.21784639358520508],"rotation":[0.022748414427042007,-0.6958478689193726,-0.29982247948646545,0.6522152423858643],"scaling":[1,0.9999999403953552,1.0000001192092896],"matrix":[-0.1481955498456955,-0.42275646328926086,0.8940442204475403,0,0.3594386875629425,0.8191779255867004,0.44693535566329956,0,-0.9213262796401978,0.3875879943370819,0.030556509271264076,0,0.3350028991699219,0.5038939118385315,0.21784639358520508,1]}]]},{"name":"f_ring.01.R","uid":"@NODE-47642e-3071f3-18b3d2a-12b9","layers":3,"node_type":"JOINT","flags":{"visible":true,"is_static":false,"selectable":true,"two_sided":false,"flip_normals":false,"cast_shadows":true,"receive_shadows":true,"ignore_lights":false,"depth_test":true,"depth_write":true},"components":[["Transform",{"uid":"@COMP-47642e-3071f3-19cec90-12ba","position":[-0.1751900017261505,0.8486794829368591,-0.1455412060022354],"rotation":[-0.03534043952822685,-0.022973984479904175,0.153135284781456,0.9873058199882507],"scaling":[1,1,1],"matrix":[0.9520435333251953,0.30400654673576355,0.03454096242785454,0,-0.30075889825820923,0.9506012797355652,-0.07681989669799805,0,-0.0561884343624115,0.06274738907814026,0.9964464902877808,0,-0.1751900017261505,0.8486794829368591,-0.1455412060022354,1]}]]},{"name":"f_index.01.R","uid":"@NODE-47642e-3071f4-1996681-12bb","layers":3,"node_type":"JOINT","flags":{"visible":true,"is_static":false,"selectable":true,"two_sided":false,"flip_normals":false,"cast_shadows":true,"receive_shadows":true,"ignore_lights":false,"depth_test":true,"depth_write":true},"components":[["Transform",{"uid":"@COMP-47642e-3071f4-192cb0f-12bc","position":[0.2297506034374237,0.9308872222900391,-0.04802132025361061],"rotation":[0.02864862233400345,-0.2431231439113617,-0.06386486440896988,0.9674666523933411],"scaling":[1,1,1],"matrix":[0.873624861240387,-0.13750453293323517,0.4667677879333496,0,0.10964396595954895,0.9902010560035706,0.08648722618818283,0,-0.47408634424209595,-0.024379121139645576,0.8801407814025879,0,0.2297506034374237,0.9308872222900391,-0.04802132025361061,1]}]]}],"components":[["Transform",{"uid":"@COMP-47642e-3071f1-1984669-12b4","position":[9.536739753457368e-7,2.127695083618164,4.768369876728684e-7],"rotation":[0.13187211751937866,-0.6226904988288879,0.052037496119737625,0.7695183157920837],"scaling":[1,1.0000001192092896,1.000000238418579],"matrix":[0.2190972864627838,-0.08414341509342194,0.9720680713653564,0,-0.24431867897510529,0.9598038196563721,0.13814952969551086,0,-0.9446191191673279,-0.26776260137557983,0.189732626080513,0,9.536739753457368e-7,2.127695083618164,4.768369876728684e-7,1]}]]}],"components":[["Transform",{"uid":"@COMP-47642e-3071f0-17cbd2c-12b2","position":[9.536739753457368e-7,2.3917970657348633,0],"rotation":[0.3322158455848694,-0.00001474761484132614,-0.00001033219632518012,0.9432033896446228],"scaling":[1,1.0000001192092896,1],"matrix":[1,-0.000029289507438079454,0.000020954961655661464,0,0.00000969194297795184,0.7792654037475586,0.6266942620277405,0,-0.00003468503928161226,-0.6266942024230957,0.779265284538269,0,9.536739753457368e-7,2.3917970657348633,0,1]}]]}],"components":[["Transform",{"uid":"@COMP-47642e-3071f0-1ef3258-12b0","position":[0,1.3706979751586914,0],"rotation":[-0.09496328979730606,-0.7259857654571533,0.4116974472999573,0.5426157712936401],"scaling":[0.9999998807907104,0.9999997019767761,0.9999998807907104],"matrix":[-0.39310017228126526,0.5846709609031677,0.7096703052520752,0,-0.3089029788970947,0.6429741978645325,-0.7008298635482788,0,-0.8660548329353333,-0.49471575021743774,-0.0721467062830925,0,0,1.3706979751586914,0,1]}]]}],"components":[["Transform",{"uid":"@COMP-47642e-3071ef-1f5bc4e-12ae","position":[-0.3122999966144562,2.2426140308380127,0.8459333777427673],"rotation":[-0.6273112297058105,0.351058691740036,0.36712488532066345,0.5903030633926392],"scaling":[1.0000001192092896,0.9999999403953552,1],"matrix":[0.4839542806148529,-0.007016231305897236,-0.875065267086029,0,-0.8738759756088257,-0.056600116193294525,-0.48284268379211426,0,-0.04614108428359032,0.9983722567558289,-0.03352316841483116,0,-0.3122999966144562,2.2426140308380127,0.8459333777427673,1]}]]},{"name":"clavicle.L","uid":"@NODE-47642e-3071f4-1139c67-12bd","layers":3,"node_type":"JOINT","flags":{"visible":true,"is_static":false,"selectable":true,"two_sided":false,"flip_normals":false,"cast_shadows":true,"receive_shadows":true,"ignore_lights":false,"depth_test":true,"depth_write":true},"children":[{"name":"upper_arm.L","uid":"@NODE-47642e-3071f5-1565eba-12bf","layers":3,"node_type":"JOINT","flags":{"visible":true,"is_static":false,"selectable":true,"two_sided":false,"flip_normals":false,"cast_shadows":true,"receive_shadows":true,"ignore_lights":false,"depth_test":true,"depth_write":true},"children":[{"name":"forearm.L","uid":"@NODE-47642e-3071f5-162f16a-12c1","layers":3,"node_type":"JOINT","flags":{"visible":true,"is_static":false,"selectable":true,"two_sided":false,"flip_normals":false,"cast_shadows":true,"receive_shadows":true,"ignore_lights":false,"depth_test":true,"depth_write":true},"children":[{"name":"hand.L","uid":"@NODE-47642e-3071f6-16229fa-12c3","layers":3,"node_type":"JOINT","flags":{"visible":true,"is_static":false,"selectable":true,"two_sided":false,"flip_normals":false,"cast_shadows":true,"receive_shadows":true,"ignore_lights":false,"depth_test":true,"depth_write":true},"children":[{"name":"thumb.02.L","uid":"@NODE-47642e-3071f6-1517ffc-12c5","layers":3,"node_type":"JOINT","flags":{"visible":true,"is_static":false,"selectable":true,"two_sided":false,"flip_normals":false,"cast_shadows":true,"receive_shadows":true,"ignore_lights":false,"depth_test":true,"depth_write":true},"children":[{"name":"thumb.03.L","uid":"@NODE-47642e-3071f7-17d30bd-12c7","layers":3,"node_type":"JOINT","flags":{"visible":true,"is_static":false,"selectable":true,"two_sided":false,"flip_normals":false,"cast_shadows":true,"receive_shadows":true,"ignore_lights":false,"depth_test":true,"depth_write":true},"components":[["Transform",{"uid":"@COMP-47642e-3071f7-11ea9a3-12c8","position":[-4.768369876728684e-7,0.3460676968097687,0],"rotation":[0.03715307265520096,-0.008156890980899334,0.0033313713502138853,0.9992707371711731],"scaling":[0.9999998807907104,1.0000001192092896,0.9999999403953552],"matrix":[0.9998446106910706,0.00605177553370595,0.016549425199627876,0,-0.007263991981744766,0.9972172379493713,0.07419762015342712,0,-0.016054341569542885,-0.07430629432201385,0.9971061944961548,0,-4.768369876728684e-7,0.3460676968097687,0,1]}]]}],"components":[["Transform",{"uid":"@COMP-47642e-3071f6-1b6b583-12c6","position":[-0.3350028991699219,0.5038939118385315,0.21784639358520508],"rotation":[0.023476911708712578,0.6942608952522278,0.2997662425041199,0.6539042592048645],"scaling":[0.9999999403953552,1,1.0000001192092896],"matrix":[-0.143715962767601,0.42463502287864685,-0.89388507604599,0,-0.35943862795829773,0.81917804479599,0.4469352662563324,0,0.9220355749130249,0.38552871346473694,0.03490129113197327,0,-0.3350028991699219,0.5038939118385315,0.21784639358520508,1]}]]},{"name":"f_ring.01.L","uid":"@NODE-47642e-3071f8-10772e5-12c9","layers":3,"node_type":"JOINT","flags":{"visible":true,"is_static":false,"selectable":true,"two_sided":false,"flip_normals":false,"cast_shadows":true,"receive_shadows":true,"ignore_lights":false,"depth_test":true,"depth_write":true},"components":[["Transform",{"uid":"@COMP-47642e-3071f8-1862a88-12ca","position":[0.1751900017261505,0.8486794829368591,-0.1455412060022354],"rotation":[-0.03534043952822685,0.022973984479904175,-0.153135284781456,0.9873058199882507],"scaling":[1,1,1],"matrix":[0.9520435333251953,-0.30400654673576355,-0.03454096242785454,0,0.30075889825820923,0.9506012797355652,-0.07681989669799805,0,0.0561884343624115,0.06274738907814026,0.9964464902877808,0,0.1751900017261505,0.8486794829368591,-0.1455412060022354,1]}]]},{"name":"f_index.01.L","uid":"@NODE-47642e-3071f8-12882d9-12cb","layers":3,"node_type":"JOINT","flags":{"visible":true,"is_static":false,"selectable":true,"two_sided":false,"flip_normals":false,"cast_shadows":true,"receive_shadows":true,"ignore_lights":false,"depth_test":true,"depth_write":true},"components":[["Transform",{"uid":"@COMP-47642e-3071f8-1c3e3c9-12cc","position":[-0.2297506034374237,0.9308872222900391,-0.04802132025361061],"rotation":[0.02864862233400345,0.2431231439113617,0.06386486440896988,0.9674666523933411],"scaling":[1,1,1],"matrix":[0.873624861240387,0.13750453293323517,-0.4667677879333496,0,-0.10964396595954895,0.9902010560035706,0.08648722618818283,0,0.47408634424209595,-0.024379121139645576,0.8801407814025879,0,-0.2297506034374237,0.9308872222900391,-0.04802132025361061,1]}]]}],"components":[["Transform",{"uid":"@COMP-47642e-3071f6-11dc405-12c4","position":[-9.536739753457368e-7,2.127695083618164,4.768369876728684e-7],"rotation":[0.13187211751937866,0.6226904988288879,-0.052037496119737625,0.7695183157920837],"scaling":[1,1.0000001192092896,1.000000238418579],"matrix":[0.2190972864627838,0.08414341509342194,-0.9720680713653564,0,0.24431867897510529,0.9598038196563721,0.13814952969551086,0,0.9446191191673279,-0.26776260137557983,0.189732626080513,0,-9.536739753457368e-7,2.127695083618164,4.768369876728684e-7,1]}]]}],"components":[["Transform",{"uid":"@COMP-47642e-3071f5-1402812-12c2","position":[-9.536739753457368e-7,2.3917970657348633,0],"rotation":[0.3322158455848694,0.00001474761484132614,0.00001033219632518012,0.9432033896446228],"scaling":[1,1.0000001192092896,1],"matrix":[1,0.000029289507438079454,-0.000020954961655661464,0,-0.00000969194297795184,0.7792654037475586,0.6266942620277405,0,0.00003468503928161226,-0.6266942024230957,0.779265284538269,0,-9.536739753457368e-7,2.3917970657348633,0,1]}]]}],"components":[["Transform",{"uid":"@COMP-47642e-3071f5-1ec927d-12c0","position":[0,1.3706979751586914,0],"rotation":[-0.09496328979730606,0.7259857654571533,-0.4116974472999573,0.5426157712936401],"scaling":[0.9999998807907104,0.9999997019767761,0.9999998807907104],"matrix":[-0.39310017228126526,-0.5846709609031677,-0.7096703052520752,0,0.3089029788970947,0.6429741978645325,-0.7008298635482788,0,0.8660548329353333,-0.49471575021743774,-0.0721467062830925,0,0,1.3706979751586914,0,1]}]]}],"components":[["Transform",{"uid":"@COMP-47642e-3071f4-18377e4-12be","position":[0.3122999966144562,2.2426140308380127,0.8459333777427673],"rotation":[-0.6273112297058105,-0.351058691740036,-0.36712488532066345,0.5903030633926392],"scaling":[1.0000001192092896,0.9999999403953552,1],"matrix":[0.4839542806148529,0.007016231305897236,0.875065267086029,0,0.8738759756088257,-0.056600116193294525,-0.48284268379211426,0,0.04614108428359032,0.9983722567558289,-0.03352316841483116,0,0.3122999966144562,2.2426140308380127,0.8459333777427673,1]}]]},{"name":"neck","uid":"@NODE-47642e-3071f9-13e65eb-12cd","layers":3,"node_type":"JOINT","flags":{"visible":true,"is_static":false,"selectable":true,"two_sided":false,"flip_normals":false,"cast_shadows":true,"receive_shadows":true,"ignore_lights":false,"depth_test":true,"depth_write":true},"children":[{"name":"head","uid":"@NODE-47642e-3071f9-1029493-12cf","layers":3,"node_type":"JOINT","flags":{"visible":true,"is_static":false,"selectable":true,"two_sided":false,"flip_normals":false,"cast_shadows":true,"receive_shadows":true,"ignore_lights":false,"depth_test":true,"depth_write":true},"children":[{"name":"jaw","uid":"@NODE-47642e-3071fa-1e68ec0-12d1","layers":3,"node_type":"JOINT","flags":{"visible":true,"is_static":false,"selectable":true,"two_sided":false,"flip_normals":false,"cast_shadows":true,"receive_shadows":true,"ignore_lights":false,"depth_test":true,"depth_write":true},"components":[["Transform",{"uid":"@COMP-47642e-3071fa-12f7112-12d2","position":[0,-0.09955787658691406,0.43685048818588257],"rotation":[0.9401860237121582,0,0,0.3406614661216736],"scaling":[1,0.9999998807907104,0.9999993443489075],"matrix":[1,0,0,0,0,-0.7678993940353394,0.6405702233314514,0,0,-0.6405698657035828,-0.7678990364074707,0,0,-0.09955787658691406,0.43685048818588257,1]}]]},{"name":"eye.R","uid":"@NODE-47642e-3071fa-1c7930d-12d3","layers":3,"node_type":"JOINT","flags":{"visible":true,"is_static":false,"selectable":true,"two_sided":false,"flip_normals":false,"cast_shadows":true,"receive_shadows":true,"ignore_lights":false,"depth_test":true,"depth_write":true},"components":[["Transform",{"uid":"@COMP-47642e-3071fa-1aa5e6b-12d4","position":[-0.28850001096725464,0.1520213931798935,1.017285943031311],"rotation":[0.0671093612909317,-0.6584165096282959,-0.7430521249771118,0.0992857813835144],"scaling":[1,1.0000001192092896,1],"matrix":[-0.9712775349617004,-0.23592084646224976,0.031011288985610008,0,0.059177204966545105,-0.11326026916503906,0.9918016791343689,0,-0.2304743081331253,0.9651495814323425,0.12396806478500366,0,-0.28850001096725464,0.1520213931798935,1.017285943031311,1]}],["LookAt",{"enabled":true,"nodeTarget":"lookAtEyes","front":5,"up":3,"initial_rotation":[-97.60299682617188,178.32899475097656,-13.34000015258789],"lock_to_axis":1,"lim_horizontal":true,"limit_horizontal":[-25,25],"lim_vertical":true,"limit_vertical":[-25,25],"influence":1,"applyRotation":true,"uid":"@COMP-47642e-32a5d2-1a2a123-1316"}]]},{"name":"eye.L","uid":"@NODE-47642e-3071fb-1a7c6eb-12d5","layers":3,"node_type":"JOINT","flags":{"visible":true,"is_static":false,"selectable":true,"two_sided":false,"flip_normals":false,"cast_shadows":true,"receive_shadows":true,"ignore_lights":false,"depth_test":true,"depth_write":true},"components":[["Transform",{"uid":"@COMP-47642e-3071fb-16a165e-12d6","position":[0.28850001096725464,0.1520213931798935,1.017285943031311],"rotation":[0.06721317023038864,0.6584330201148987,0.7430426478385925,0.09917665272951126],"scaling":[1,1.0000001192092896,1],"matrix":[-0.9712928533554077,0.23589570820331573,-0.030717862769961357,0,-0.058874230831861496,-0.11325998604297638,0.9918196797370911,0,0.23048686981201172,0.9651556611061096,0.12389669567346573,0,0.28850001096725464,0.1520213931798935,1.017285943031311,1]}],["LookAt",{"enabled":true,"nodeTarget":"lookAtEyes","front":5,"up":3,"initial_rotation":[-97.60299682617188,-178.32899475097656,13.34000015258789],"lock_to_axis":1,"lim_horizontal":true,"limit_horizontal":[-25,25],"lim_vertical":true,"limit_vertical":[-25,25],"influence":1,"applyRotation":true,"uid":"@COMP-47642e-31a6c2-1c506cd-1315"}]]}],"components":[["Transform",{"uid":"@COMP-47642e-3071f9-19d05bf-12d0","position":[0,1.153743028640747,0],"rotation":[-0.05839961767196655,-0.07009514421224594,-0.0018838276155292988,0.9958276152610779],"scaling":[1,1,1.0000001192092896],"matrix":[0.9901662468910217,0.0044351243413984776,0.13982538878917694,0,0.011938994750380516,0.9931718707084656,-0.11604780703783035,0,-0.13938534259796143,0.11657601594924927,0.9833524227142334,0,0,1.153743028640747,0,1]}],["LookAt",{"enabled":true,"nodeTarget":"lookAtHead","front":5,"up":3,"initial_rotation":[0,0,0],"lock_to_axis":1,"lim_horizontal":true,"limit_horizontal":[-40,40],"lim_vertical":true,"limit_vertical":[-30,5],"influence":1,"applyRotation":true,"uid":"@COMP-47642e-332109-1566c31-1317"}]]}],"components":[["Transform",{"uid":"@COMP-47642e-3071f9-1a91adb-12ce","position":[2.2204500197172533e-16,2.983083963394165,-5.96045985901128e-8],"rotation":[0.03821173682808876,4.3974272140312465e-11,7.492280407195295e-11,0.9992697238922119],"scaling":[1,1.0000001192092896,1.0000001192092896],"matrix":[1,1.5309684076036945e-10,-8.215845365144858e-11,0,-1.4637552281371313e-10,0.9970798492431641,0.07636766880750656,0,9.361018904474605e-11,-0.07636766880750656,0.9970798492431641,0,2.2204500197172533e-16,2.983083963394165,-5.96045985901128e-8,1]}],["LookAt",{"enabled":true,"nodeTarget":"lookAtNeck","front":5,"up":3,"initial_rotation":[15.67199993133545,0,0],"lock_to_axis":1,"lim_horizontal":true,"limit_horizontal":[-25,25],"lim_vertical":true,"limit_vertical":[-30,20],"influence":1,"applyRotation":true,"uid":"@COMP-47642e-3634e9-13c8dbe-1318"}]]}],"components":[["Transform",{"uid":"@COMP-47642e-3071ef-118fc1e-12ac","position":[0,0.9192019104957581,0],"rotation":[-0.08889002352952957,-8.127698514215353e-11,-7.110723121428464e-11,0.996041476726532],"scaling":[1,0.9999999403953552,1.0000001192092896],"matrix":[1,-1.2720208220073914e-10,1.7455194234461402e-10,0,1.561009099759758e-10,0.9841970801353455,-0.1770762801170349,0,-1.4926906932721806e-10,0.1770763099193573,0.9841972589492798,0,0,0.9192019104957581,0,1]}]]}],"components":[["Transform",{"uid":"@COMP-47642e-3071ee-140748f-12aa","position":[0,1.383236050605774,-1.1920899822825959e-7],"rotation":[0.1515789031982422,0,0,0.9884451627731323],"scaling":[1,1,0.9999999403953552],"matrix":[1,0,0,0,0,0.954047679901123,0.29965487122535706,0,0,-0.29965484142303467,0.9540476202964783,0,0,1.383236050605774,-1.1920899822825959e-7,1]}]]}],"components":[["Transform",{"uid":"@COMP-47642e-3071ea-179ba01-1298","position":[0,-0.23499999940395355,8.32289981842041],"rotation":[0.6441208124160767,0,0,0.7649237513542175],"scaling":[1,0.9999999403953552,0.9999999403953552],"matrix":[1,0,0,0,0,0.17021673917770386,0.9854065775871277,0,0,-0.9854065775871277,0.17021673917770386,0,0,-0.23499999940395355,8.32289981842041,1]}]]}],"editor":{"collapsed":true},"components":[["Transform",{"uid":"@COMP-47642e-3071e9-1c3964d-1296","position":[0,0,0],"rotation":[0,0,0,1],"scaling":[1,1,1],"matrix":[1,0,0,0,0,1,0,0,0,0,1,0,0,0,0,1]}]]},{"name":"emmaHead","uid":"@NODE-47642e-3071fc-1f1b1cf-12d7","layers":3,"node_type":"NODE","material":"gerard/materials/emmaSkin2.json","flags":{"visible":true,"is_static":false,"selectable":true,"two_sided":false,"flip_normals":false,"cast_shadows":true,"receive_shadows":true,"ignore_lights":false,"depth_test":true,"depth_write":true},"components":[["Transform",{"uid":"@COMP-47642e-3071fc-1ea6842-12d8","position":[0,0,0],"rotation":[0,0,0,1],"scaling":[1,1,1],"matrix":[1,0,0,0,0,1,0,0,0,0,1,0,0,0,0,1]}],["MeshRenderer",{"enabled":true,"mesh":"emmaNurse___emma_emmaHead_skin","submaterials":[],"point_size":0.1,"textured_points":false,"uid":"@COMP-fa96a1-6a456f-18b3354-7e"}],["SkinDeformer",{"enabled":true,"search_bones_in_parent":false,"skeleton_root_node":null,"cpu_skinning":false,"ignore_transform":true,"uid":"@COMP-47642e-3071fc-1921c06-12db"}],["MorphDeformer",{"enabled":true,"morph_targets":[{"mesh":"emmaNurse___emmaHead_mesh_morph_sad","weight":0.031632509457176265},{"mesh":"emmaNurse___emmaHead_mesh_morph_smile","weight":0.41367517576138274},{"mesh":"emmaNurse___emmaHead_mesh_morph_lipsClosed","weight":0.1547242310405361},{"mesh":"emmaNurse___emmaHead_mesh_morph_kiss","weight":0},{"mesh":"emmaNurse___emmaHead_mesh_morph_browsDown","weight":0.13581571998845807},{"mesh":"emmaNurse___emmaHead_mesh_morph_browsInnerUp","weight":0.08114031775028167},{"mesh":"emmaNurse___emmaHead_mesh_morph_browsUp","weight":0.11840991554190226},{"mesh":"emmaNurse___emmaHead_mesh_morph_eyeLids","weight":0.02876656334525132}],"uid":"@COMP-47642e-3071fc-19b78ca-12dc"}]]},{"name":"emmaBody","uid":"@NODE-47642e-3071fc-12020d4-12dd","layers":3,"node_type":"NODE","material":"gerard/materials/emmaSkin2.json","flags":{"visible":true,"is_static":false,"selectable":true,"two_sided":false,"flip_normals":false,"cast_shadows":true,"receive_shadows":true,"ignore_lights":false,"depth_test":true,"depth_write":true},"components":[["Transform",{"uid":"@COMP-47642e-3071fc-177170b-12de","position":[0,0,0],"rotation":[0,0,0,1],"scaling":[1,1,1],"matrix":[1,0,0,0,0,1,0,0,0,0,1,0,0,0,0,1]}],["MeshRenderer",{"enabled":true,"mesh":"emmaNurse___emma_emmaBody_skin","submaterials":[],"point_size":0.1,"textured_points":false,"uid":"@COMP-fa96a1-6a4571-13d1e40-84"}],["SkinDeformer",{"enabled":true,"search_bones_in_parent":false,"skeleton_root_node":null,"cpu_skinning":false,"ignore_transform":true,"uid":"@COMP-47642e-3071fd-1bfc7a1-12e1"}]]},{"name":"emmaShirt","uid":"@NODE-47642e-3071fd-17bd68e-12e2","layers":3,"node_type":"NODE","material":"gerard/materials/nurseShirt.json","flags":{"visible":true,"is_static":false,"selectable":true,"two_sided":false,"flip_normals":false,"cast_shadows":true,"receive_shadows":true,"ignore_lights":false,"depth_test":true,"depth_write":true},"components":[["Transform",{"uid":"@COMP-47642e-3071fd-127a353-12e3","position":[0,0,0],"rotation":[0,0,0,1],"scaling":[1,1,1],"matrix":[1,0,0,0,0,1,0,0,0,0,1,0,0,0,0,1]}],["MeshRenderer",{"enabled":true,"mesh":"emmaNurse___emma_emmaShirt_skin","submaterials":[],"point_size":0.1,"textured_points":false,"uid":"@COMP-fa96a1-6a4572-1f6488e-89"}],["SkinDeformer",{"enabled":true,"search_bones_in_parent":false,"skeleton_root_node":null,"cpu_skinning":false,"ignore_transform":true,"uid":"@COMP-47642e-3071fe-1a77f4d-12e6"}]]},{"name":"emmaShoes","uid":"@NODE-47642e-3071fe-1b47701-12e7","layers":3,"node_type":"NODE","material":"gerard/materials/sportShoes.json","flags":{"visible":true,"is_static":false,"selectable":true,"two_sided":false,"flip_normals":false,"cast_shadows":true,"receive_shadows":true,"ignore_lights":false,"depth_test":true,"depth_write":true},"components":[["Transform",{"uid":"@COMP-47642e-3071fe-1cdccba-12e8","position":[0,0,0],"rotation":[0,0,0,1],"scaling":[1,1,1],"matrix":[1,0,0,0,0,1,0,0,0,0,1,0,0,0,0,1]}],["MeshRenderer",{"enabled":true,"mesh":"emmaNurse___emma_emmaShoes_skin","submaterials":[],"point_size":0.1,"textured_points":false,"uid":"@COMP-fa96a1-6a4572-1d39103-8e"}],["SkinDeformer",{"enabled":true,"search_bones_in_parent":false,"skeleton_root_node":null,"cpu_skinning":false,"ignore_transform":true,"uid":"@COMP-47642e-3071fe-13d7415-12eb"}]]},{"name":"emmaJeans","uid":"@NODE-47642e-3071fe-128a147-12ec","layers":3,"node_type":"NODE","material":"gerard/materials/jeansBlack.json","flags":{"visible":true,"is_static":false,"selectable":true,"two_sided":false,"flip_normals":false,"cast_shadows":true,"receive_shadows":true,"ignore_lights":false,"depth_test":true,"depth_write":true},"components":[["Transform",{"uid":"@COMP-47642e-3071fe-140d354-12ed","position":[0,0,0],"rotation":[0,0,0,1],"scaling":[1,1,1],"matrix":[1,0,0,0,0,1,0,0,0,0,1,0,0,0,0,1]}],["MeshRenderer",{"enabled":true,"mesh":"emmaNurse___emma_emmaJeans_skin","submaterials":[],"point_size":0.1,"textured_points":false,"uid":"@COMP-fa96a1-6a4573-1d92cb1-93"}],["SkinDeformer",{"enabled":true,"search_bones_in_parent":false,"skeleton_root_node":null,"cpu_skinning":false,"ignore_transform":true,"uid":"@COMP-47642e-3071ff-1f89ea8-12f0"}]]},{"name":"emmaHair","uid":"@NODE-47642e-3071ff-1895b7f-12f1","layers":3,"node_type":"NODE","material":"gerard/materials/nurseHair.json","flags":{"visible":true,"is_static":false,"selectable":true,"two_sided":true,"flip_normals":false,"cast_shadows":true,"receive_shadows":true,"ignore_lights":false,"depth_test":true,"depth_write":true},"components":[["Transform",{"uid":"@COMP-47642e-3071ff-19e2009-12f2","position":[0,0,0],"rotation":[0,0,0,1],"scaling":[1,1,1],"matrix":[1,0,0,0,0,1,0,0,0,0,1,0,0,0,0,1]}],["MeshRenderer",{"enabled":true,"mesh":"emmaNurse___emma_emmaHair_skin","submaterials":[],"point_size":0.1,"textured_points":false,"uid":"@COMP-fa96a1-6a4575-11f1502-98"}],["SkinDeformer",{"enabled":true,"search_bones_in_parent":false,"skeleton_root_node":null,"cpu_skinning":false,"ignore_transform":true,"uid":"@COMP-47642e-307200-10d64f2-12f5"}]]},{"name":"emmaEyes","uid":"@NODE-47642e-307200-1b25ed3-12f6","layers":3,"node_type":"NODE","material":"gerard/materials/eyesBlue.json","flags":{"visible":true,"is_static":false,"selectable":true,"two_sided":false,"flip_normals":false,"cast_shadows":true,"receive_shadows":true,"ignore_lights":false,"depth_test":true,"depth_write":true},"components":[["Transform",{"uid":"@COMP-47642e-307200-1611080-12f7","position":[0,0,0],"rotation":[0,0,0,1],"scaling":[1,1,1],"matrix":[1,0,0,0,0,1,0,0,0,0,1,0,0,0,0,1]}],["MeshRenderer",{"enabled":true,"mesh":"emmaNurse___emma_emmaEyes_skin","submaterials":[],"point_size":0.1,"textured_points":false,"uid":"@COMP-fa96a1-6a4576-1f50ba7-9d"}],["SkinDeformer",{"enabled":true,"search_bones_in_parent":false,"skeleton_root_node":null,"cpu_skinning":false,"ignore_transform":true,"uid":"@COMP-47642e-307200-117874a-12fa"}]]},{"name":"emmaTeeth","uid":"@NODE-47642e-307200-1d327ad-12fb","layers":3,"node_type":"NODE","material":"gerard/materials/teeth.json","flags":{"visible":true,"is_static":false,"selectable":true,"two_sided":false,"flip_normals":false,"cast_shadows":true,"receive_shadows":true,"ignore_lights":false,"depth_test":true,"depth_write":true},"components":[["Transform",{"uid":"@COMP-47642e-307200-138afbc-12fc","position":[0,0,0],"rotation":[0,0,0,1],"scaling":[1,1,1],"matrix":[1,0,0,0,0,1,0,0,0,0,1,0,0,0,0,1]}],["MeshRenderer",{"enabled":true,"mesh":"emmaNurse___emma_emmaTeeth_skin","submaterials":[],"point_size":0.1,"textured_points":false,"uid":"@COMP-fa96a1-6a4576-1b5b319-a2"}],["SkinDeformer",{"enabled":true,"search_bones_in_parent":false,"skeleton_root_node":null,"cpu_skinning":false,"ignore_transform":true,"uid":"@COMP-47642e-307201-1ad4eac-12ff"}]]},{"name":"emmaTongue","uid":"@NODE-47642e-307201-13c3f6d-1300","layers":3,"node_type":"NODE","material":"gerard/materials/tongue.json","flags":{"visible":true,"is_static":false,"selectable":true,"two_sided":false,"flip_normals":false,"cast_shadows":true,"receive_shadows":true,"ignore_lights":false,"depth_test":true,"depth_write":true},"components":[["Transform",{"uid":"@COMP-47642e-307201-161603b-1301","position":[0,0,0],"rotation":[0,0,0,1],"scaling":[1,1,1],"matrix":[1,0,0,0,0,1,0,0,0,0,1,0,0,0,0,1]}],["MeshRenderer",{"enabled":true,"mesh":"emmaNurse___emma_emmaTongue_skin","submaterials":[],"point_size":0.1,"textured_points":false,"uid":"@COMP-fa96a1-6a4577-138074a-a7"}],["SkinDeformer",{"enabled":true,"search_bones_in_parent":false,"skeleton_root_node":null,"cpu_skinning":false,"ignore_transform":true,"uid":"@COMP-47642e-307202-1c228b2-1304"}]]}],"editor":{"collapsed":true},"components":[["Transform",{"uid":"@COMP-f67c56-cf5d-1b56764-c","position":[0,0,0],"rotation":[-0.7071067690849304,0,0,0.7071067690849304],"scaling":[10,10,10],"matrix":[10,0,0,0,0,3.4228543199787964e-7,-9.999999046325684,0,0,9.999999046325684,3.4228543199787964e-7,0,0,0,0,1]}],["ScriptFromFile",{"uid":"@COMP-f67c56-31dd4-1c5985f-f0","enabled":true,"filename":"gerard/scripts/facialControl.js","properties":{"headNodeName":"emmaHead","jawNodeName":"jaw","headBoneNodeName":"head","lookAtEyesName":"lookAtEyes","lookAtHeadName":"lookAtHead","lookAtNeckName":"lookAtNeck","smileBSIndex":1,"sadBSIndex":0,"kissBSIndex":2,"lipsClosedBSIndex":3,"mouthAirBSIndex":3,"browsDownBSIndex":4,"browsInnerUpBSIndex":5,"browsUpBSIndex":6,"eyeLidsBSIndex":7,"sadFactor":1,"smileFactor":1.4578947368421054,"lipsClosedFactor":1,"kissFactor":1,"browsDownFactor":1.6157894736842107,"browsInnerUpFactor":1.957033398821218,"browsUpFactor":1,"jawFactor":0.5263157894736842,"valAro":[0,0],"gazePositions":{"RIGHT":[70,150,70],"LEFT":[-70,150,70],"UP":[0,210,70],"DOWN":[0,70,70],"UPRIGHT":[70,210,70],"UPLEFT":[-70,210,70],"DOWNRIGHT":[70,70,70],"DOWNLEFT":[-70,70,70],"HEAD":[4.632051187059005e-9,147.3026123046875,0.24877551198005676],"CAMERA":[-8.406999588012695,154.77000427246094,59.80699920654297]},"eyeLidsBS":{"mesh":"emmaNurse___emmaHead_mesh_morph_eyeLids","weight":0.02876656334525132},"FA":null}}],["ScriptFromFile",{"uid":"@COMP-47642e-14652f-1f5c542-805","enabled":true,"filename":"gerard/scripts/GUIFacialControl.js","properties":{}}]]},{"name":"agentController","uid":"@NODE-f67c56-1dfbd-158f441-ec","layers":3,"flags":{"visible":true,"is_static":false,"selectable":true,"two_sided":false,"flip_normals":false,"cast_shadows":true,"receive_shadows":true,"ignore_lights":false,"depth_test":true,"depth_write":true},"components":[["Transform",{"uid":"@COMP-f67c56-1dfbd-1276647-ed","position":[0,0,0],"rotation":[0,0,0,1],"scaling":[1,1,1],"matrix":[1,0,0,0,0,1,0,0,0,0,1,0,0,0,0,1]}],["ScriptFromFile",{"uid":"@COMP-f67c56-2135e-14e1411-ee","enabled":true,"filename":"gerard/scripts/websocket.js","properties":{"hostname":"webglstudio.org","port":8080}}],["ScriptFromFile",{"uid":"@COMP-f67c56-21ff4-146ce47-ef","enabled":true,"filename":"gerard/scripts/agentController.js","properties":{}}],["ScriptFromFile",{"uid":"@COMP-983ffe-5a471-105faaf-13c","enabled":true,"filename":"gerard/scripts/GUIBMLRealizer.js","properties":{}}],["ScriptFromFile",{"uid":"@COMP-983ffe-145fd-12dfddd-fd","enabled":true,"filename":"gerard/scripts/GUIBMLPlanner.js","properties":{}}]]},{"name":"lookAtNeck","uid":"@NODE-f67c56-3