{"uid":"@TREE--9b62e0-191-1156727-2","object_class":"SceneTree","local_repository":null,"extra":{"folder":"hplass/projects","filename":"kristina-cf.scene.json","fullpath":"hplass/projects/kristina-cf.scene.json","viewport_layout":{"mode":1,"viewports":[{"name":"perspective","viewport":[0,0,1,1],"render_settings":null,"editor_camera":{"object_class":"Camera","uid":"@CAM440bc2-cc7-1e85058-9","layers":3,"enabled":true,"type":1,"eye":[30.475265502929688,162.2931365966797,191.5999755859375],"center":[-3.505779266357422,163.7501678466797,-12.615328788757324],"up":[0,1,0],"near":0.1,"far":10000,"fov":45,"aspect":1,"orthographic":[-1,1,-1,1],"background_color":[0.09300000220537186,0.09300000220537186,0.09300000220537186,1],"frustum_size":50,"viewport":[0,0,1,1],"render_to_texture":false,"frame":null,"show_frame":true,"clear_color":true,"clear_depth":true},"scene_camera":null}]},"publish_name":"hplass/projects/kristina-caucasianfemale","editor":{"selected_node":"@NODE--9b62e0-13f873-19217e4-17a"},"name":"k-cf"},"root":{"object_class":"SceneNode","name":"root","uid":"@NODE--9b62e0-118760-1fdf341-ab","layers":3,"flags":{"visible":true,"is_static":false,"selectable":true,"two_sided":false,"flip_normals":false,"cast_shadows":true,"receive_shadows":true,"ignore_lights":false,"depth_test":true,"depth_write":true,"alpha_test":false,"alpha_shadows":false},"extra":{},"children":[{"object_class":"SceneNode","name":"agentController","uid":"@NODE--9b62e0-13f873-19217e4-17a","layers":3,"flags":{"visible":true,"is_static":false,"selectable":true,"two_sided":false,"flip_normals":false,"cast_shadows":true,"receive_shadows":true,"ignore_lights":false,"depth_test":true,"depth_write":true,"alpha_test":false,"alpha_shadows":false},"extra":{},"components":[["Transform",{"object_class":"Transform","uid":"@COMP--9b62e0-13f874-196b937-17b","position":[0,0,0],"rotation":[0,0,0,1],"scaling":[1,1,1],"matrix":[1,0,0,0,0,1,0,0,0,0,1,0,0,0,0,1]}],["ScriptFromFile",{"object_class":"ScriptFromFile","uid":"@COMP-983ffe-53a21-1956abf-275","enabled":true,"filename":"hplass/projects/kristina/scripts/websocket.js","properties":{},"editor":{"collapsed":false}}],["ScriptFromFile",{"object_class":"ScriptFromFile","uid":"@COMP-fa96a1-9275-1076b5b-143","enabled":true,"filename":"hplass/projects/kristina/scripts/GUIBMLRealizer.js","properties":{}}],["ScriptFromFile",{"object_class":"ScriptFromFile","uid":"@COMP-983ffe-60ba0-159ae0e-b3","enabled":true,"filename":"hplass/projects/kristina/scripts/GUIBMLPlanner.js","properties":{}}],["ScriptFromFile",{"object_class":"ScriptFromFile","uid":"@COMP--20f801-204160-1576297-abb","enabled":true,"filename":"hplass/projects/kristina/scripts/agentController.js","properties":{}}]]},{"object_class":"SceneNode","name":"lookAtNeck","uid":"@NODE--c87e81-19f0701-140b53c-177","layers":3,"material":{"uid":"@MAT-440bc2-ef3ba0-104881d-1df7","uvs_matrix":[1,0,0,0,1,0,0,0,1],"textures":{},"flags":{"alpha_test":false,"alpha_test_shadows":false,"two_sided":false,"flip_normals":false,"depth_test":true,"depth_write":true,"ignore_lights":false,"cast_shadows":true,"receive_shadows":true,"ignore_frustum":false},"color":[0.10999999940395355,0.2879999876022339,1],"opacity":1,"queue":0,"render_state":{"stencil_ref":1,"front_face":2305,"cull_face":true,"cull_face_mode":0,"depth_test":true,"depth_mask":true,"depth_func":513,"depth_range":[0,0],"blend":false,"blendFunc0":770,"blendFunc1":771,"colorMask0":true,"colorMask1":true,"colorMask2":true,"colorMask3":true,"stencil_test":false,"stencil_mask":255,"stencil_func_func":519,"stencil_func_ref":0,"stencil_func_mask":255,"stencil_op_sfail":7680,"stencil_op_dpfail":7680,"stencil_op_dppass":7680},"blend_mode":"screen","shader_name":"global","diffuse":[1,1,1],"ambient":[1,1,1],"emissive":[0,0,0,0],"backlight_factor":0,"specular_on_top":false,"specular_on_alpha":false,"reflection_factor":0,"reflection_fresnel":1,"reflection_additive":false,"reflection_specular":false,"velvet":[0.5,0.5,0.5],"velvet_exp":0,"velvet_additive":false,"normalmap_factor":1,"normalmap_tangent":true,"displacementmap_factor":0.1,"bumpmap_factor":1,"use_scene_ambient":true,"extra_surface_shader_code":"","extra_uniforms":{},"detail_factor":0,"detail_scale":[10,10],"emissive_extra":0,"extra_factor":0,"extra_color":[0,0,0],"specular_factor":0.10000000149011612,"specular_gloss":10,"material_class":"StandardMaterial"},"flags":{"visible":true,"is_static":false,"selectable":true,"two_sided":false,"flip_normals":false,"cast_shadows":true,"receive_shadows":true,"ignore_lights":false,"depth_test":true,"depth_write":true},"components":[["Transform",{"object_class":"Transform","uid":"@COMP--c87e81-19f0702-1c1eec6-178","position":[1.2038393020629883,164.93899536132812,70.3806381225586],"rotation":[0,0,0,1],"scaling":[0.3930000066757202,0.3930000066757202,0.3930000066757202],"matrix":[0.3930000066757202,0,0,0,0,0.3930000066757202,0,0,0,0,0.3930000066757202,0,1.2038393020629883,164.93899536132812,70.3806381225586,1]}],["GeometricPrimitive",{"enabled":false,"size":10,"subdivisions":10,"point_size":0.1,"align_z":false,"primitive":-1,"geometry":7,"uid":"@COMP--c87e81-19f5e11-1cc2047-179","object_class":"GeometricPrimitive"}]]},{"object_class":"SceneNode","name":"lookAtHead","uid":"@NODE--c87e81-da59f-1678321-2e8","layers":3,"material":{"uid":"@MAT-440bc2-ef3ba0-1cc1935-1dfb","uvs_matrix":[1,0,0,0,1,0,0,0,1],"textures":{},"flags":{"alpha_test":false,"alpha_test_shadows":false,"two_sided":false,"flip_normals":false,"depth_test":true,"depth_write":true,"ignore_lights":false,"cast_shadows":true,"receive_shadows":true,"ignore_frustum":false},"color":[1,0.07999999821186066,0.07999999821186066],"opacity":1,"queue":0,"render_state":{"stencil_ref":1,"front_face":2305,"cull_face":true,"cull_face_mode":0,"depth_test":true,"depth_mask":true,"depth_func":513,"depth_range":[0,0],"blend":false,"blendFunc0":770,"blendFunc1":771,"colorMask0":true,"colorMask1":true,"colorMask2":true,"colorMask3":true,"stencil_test":false,"stencil_mask":255,"stencil_func_func":519,"stencil_func_ref":0,"stencil_func_mask":255,"stencil_op_sfail":7680,"stencil_op_dpfail":7680,"stencil_op_dppass":7680},"blend_mode":"screen","shader_name":"global","diffuse":[1,1,1],"ambient":[1,1,1],"emissive":[0,0,0,0],"backlight_factor":0,"specular_on_top":false,"specular_on_alpha":false,"reflection_factor":0,"reflection_fresnel":1,"reflection_additive":false,"reflection_specular":false,"velvet":[0.5,0.5,0.5],"velvet_exp":0,"velvet_additive":false,"normalmap_factor":1,"normalmap_tangent":true,"displacementmap_factor":0.1,"bumpmap_factor":1,"use_scene_ambient":true,"extra_surface_shader_code":"","extra_uniforms":{},"detail_factor":0,"detail_scale":[10,10],"emissive_extra":0,"extra_factor":0,"extra_color":[0,0,0],"specular_factor":0.10000000149011612,"specular_gloss":10,"material_class":"StandardMaterial"},"flags":{"visible":true,"is_static":false,"selectable":true,"two_sided":false,"flip_normals":false,"cast_shadows":true,"receive_shadows":true,"ignore_lights":false,"depth_test":true,"depth_write":true},"components":[["Transform",{"object_class":"Transform","uid":"@COMP--c87e81-da59e-147ba42-2e7","position":[-5.918000221252441,167.05799865722656,125.13300323486328],"rotation":[0,0,0,1],"scaling":[0.3930000066757202,0.3930000066757202,0.3930000066757202],"matrix":[0.3930000066757202,0,0,0,0,0.3930000066757202,0,0,0,0,0.3930000066757202,0,-5.918000221252441,167.05799865722656,125.13300323486328,1]}],["GeometricPrimitive",{"enabled":false,"size":10,"subdivisions":10,"point_size":0.1,"align_z":false,"primitive":-1,"geometry":7,"uid":"@COMP--c87e81-da5a0-18cb4e6-2ea","object_class":"GeometricPrimitive"}]]},{"object_class":"SceneNode","name":"lookAtEyes","uid":"@NODE--c87e81-18171d-1fe9676-4db","layers":3,"material":{"uid":"@MAT-440bc2-ef3ba1-1c97fc5-1dff","uvs_matrix":[1,0,0,0,1,0,0,0,1],"textures":{},"flags":{"alpha_test":false,"alpha_test_shadows":false,"two_sided":false,"flip_normals":false,"depth_test":true,"depth_write":true,"ignore_lights":false,"cast_shadows":true,"receive_shadows":true,"ignore_frustum":false},"color":[0.07999999821186066,1,0.23333333432674408],"opacity":1,"queue":0,"render_state":{"stencil_ref":1,"front_face":2305,"cull_face":true,"cull_face_mode":0,"depth_test":true,"depth_mask":true,"depth_func":513,"depth_range":[0,0],"blend":false,"blendFunc0":770,"blendFunc1":771,"colorMask0":true,"colorMask1":true,"colorMask2":true,"colorMask3":true,"stencil_test":false,"stencil_mask":255,"stencil_func_func":519,"stencil_func_ref":0,"stencil_func_mask":255,"stencil_op_sfail":7680,"stencil_op_dpfail":7680,"stencil_op_dppass":7680},"blend_mode":"screen","shader_name":"global","diffuse":[1,1,1],"ambient":[1,1,1],"emissive":[0,0,0,0],"backlight_factor":0,"specular_on_top":false,"specular_on_alpha":false,"reflection_factor":0,"reflection_fresnel":1,"reflection_additive":false,"reflection_specular":false,"velvet":[0.5,0.5,0.5],"velvet_exp":0,"velvet_additive":false,"normalmap_factor":1,"normalmap_tangent":true,"displacementmap_factor":0.1,"bumpmap_factor":1,"use_scene_ambient":true,"extra_surface_shader_code":"","extra_uniforms":{},"detail_factor":0,"detail_scale":[10,10],"emissive_extra":0,"extra_factor":0,"extra_color":[0,0,0],"specular_factor":0.10000000149011612,"specular_gloss":10,"material_class":"StandardMaterial"},"flags":{"visible":true,"is_static":false,"selectable":true,"two_sided":false,"flip_normals":false,"cast_shadows":true,"receive_shadows":true,"ignore_lights":false,"depth_test":true,"depth_write":true},"components":[["Transform",{"object_class":"Transform","uid":"@COMP--c87e81-18171c-19c4fbe-4da","position":[9.982000350952148,169.25799560546875,125.13300323486328],"rotation":[0,0,0,1],"scaling":[0.3930000066757202,0.3930000066757202,0.3930000066757202],"matrix":[0.3930000066757202,0,0,0,0,0.3930000066757202,0,0,0,0,0.3930000066757202,0,9.982000350952148,169.25799560546875,125.13300323486328,1]}],["GeometricPrimitive",{"enabled":false,"size":10,"subdivisions":10,"point_size":0.1,"align_z":false,"primitive":-1,"geometry":7,"uid":"@COMP--c87e81-18171d-1ab7996-4dd","object_class":"GeometricPrimitive"}]]},{"object_class":"SceneNode","name":"cf5.dae","uid":"@NODE-440bc2-e6bde6-1409d9d-6ba","layers":3,"flags":{"visible":false,"is_static":false,"selectable":true},"children":[{"object_class":"SceneNode","name":"Caufem2","uid":"@cf5::Caufem2","layers":3,"node_type":"NODE","flags":{"visible":true,"is_static":false,"selectable":true},"children":[{"object_class":"SceneNode","name":"rootbone","uid":"@cf5::root","layers":3,"node_type":"JOINT","flags":{"visible":true,"is_static":false,"selectable":true},"children":[{"object_class":"SceneNode","name":"spine05","uid":"@cf5::spine05","layers":3,"node_type":"JOINT","flags":{"visible":true,"is_static":false,"selectable":true},"children":[{"object_class":"SceneNode","name":"spine04","uid":"@cf5::spine04","layers":3,"node_type":"JOINT","flags":{"visible":true,"is_static":false,"selectable":true},"children":[{"object_class":"SceneNode","name":"spine03","uid":"@cf5::spine03","layers":3,"node_type":"JOINT","flags":{"visible":true,"is_static":false,"selectable":true},"children":[{"object_class":"SceneNode","name":"spine02","uid":"@cf5::spine02","layers":3,"node_type":"JOINT","flags":{"visible":true,"is_static":false,"selectable":true},"children":[{"object_class":"SceneNode","name":"breast.L","uid":"@cf5::breast_L","layers":3,"node_type":"JOINT","flags":{"visible":true,"is_static":false,"selectable":true},"components":[["Transform",{"object_class":"Transform","uid":"@COMP-440bc2-e6bde9-1f8a4ba-6d9","position":[0,1.3870090246200562,9.834769798544585e-7],"rotation":[0.1689683198928833,0.5683166980743408,0.7683396339416504,-0.24108099937438965],"scaling":[1,0.9999998807907104,0.9999998807907104],"matrix":[-0.8266593217849731,-0.178409144282341,0.5336708426475525,0,0.5625191330909729,-0.23779214918613434,0.7918502688407898,0,-0.014370598830282688,0.954790472984314,0.296931654214859,0,0,1.3870090246200562,9.834769798544585e-7,1]}]]},{"object_class":"SceneNode","name":"breast.R","uid":"@cf5::breast_R","layers":3,"node_type":"JOINT","flags":{"visible":true,"is_static":false,"selectable":true},"components":[["Transform",{"object_class":"Transform","uid":"@COMP-440bc2-e6bde9-1d8a534-6db","position":[0,1.3870090246200562,9.834769798544585e-7],"rotation":[-0.1689683198928833,0.5683166980743408,0.7683396339416504,0.24108099937438965],"scaling":[1,0.9999998807907104,0.9999998807907104],"matrix":[-0.8266593217849731,0.178409144282341,-0.5336708426475525,0,-0.5625191330909729,-0.23779214918613434,0.7918502688407898,0,0.014370598830282688,0.954790472984314,0.296931654214859,0,0,1.3870090246200562,9.834769798544585e-7,1]}]]},{"object_class":"SceneNode","name":"spine01","uid":"@cf5::spine01","layers":3,"node_type":"JOINT","flags":{"visible":true,"is_static":false,"selectable":true},"children":[{"object_class":"SceneNode","name":"clavicle.L","uid":"@cf5::clavicle_L","layers":3,"node_type":"JOINT","flags":{"visible":true,"is_static":false,"selectable":true},"children":[{"object_class":"SceneNode","name":"shoulder01.L","uid":"@cf5::shoulder01_L","layers":3,"node_type":"JOINT","flags":{"visible":true,"is_static":false,"selectable":true},"children":[{"object_class":"SceneNode","name":"upperarm01.L","uid":"@cf5::upperarm01_L","layers":3,"node_type":"JOINT","flags":{"visible":true,"is_static":false,"selectable":true},"children":[{"object_class":"SceneNode","name":"upperarm02.L","uid":"@cf5::upperarm02_L","layers":3,"node_type":"JOINT","flags":{"visible":true,"is_static":false,"selectable":true},"children":[{"object_class":"SceneNode","name":"lowerarm01.L","uid":"@cf5::lowerarm01_L","layers":3,"node_type":"JOINT","flags":{"visible":true,"is_static":false,"selectable":true},"children":[{"object_class":"SceneNode","name":"lowerarm02.L","uid":"@cf5::lowerarm02_L","layers":3,"node_type":"JOINT","flags":{"visible":true,"is_static":false,"selectable":true},"children":[{"object_class":"SceneNode","name":"wrist.L","uid":"@cf5::wrist_L","layers":3,"node_type":"JOINT","flags":{"visible":true,"is_static":false,"selectable":true},"children":[{"object_class":"SceneNode","name":"finger1-1.L","uid":"@cf5::finger1-1_L","layers":3,"node_type":"JOINT","flags":{"visible":true,"is_static":false,"selectable":true},"children":[{"object_class":"SceneNode","name":"finger1-2.L","uid":"@cf5::finger1-2_L","layers":3,"node_type":"JOINT","flags":{"visible":true,"is_static":false,"selectable":true},"children":[{"object_class":"SceneNode","name":"finger1-3.L","uid":"@cf5::finger1-3_L","layers":3,"node_type":"JOINT","flags":{"visible":true,"is_static":false,"selectable":true},"components":[["Transform",{"object_class":"Transform","uid":"@COMP-440bc2-e6bde9-1adb9e4-6f1","position":[-7.152560215217818e-7,0.308381587266922,0.00002217290057160426],"rotation":[0.14952808618545532,-0.03724673017859459,-0.015344401821494102,0.9879364967346191],"scaling":[0.9999999403953552,1.000000238418579,1],"matrix":[0.9967544078826904,-0.04145744815468788,0.06900596618652344,0,0.019179727882146835,0.9548120498657227,0.2965916097164154,0,-0.07818364351987839,-0.2943054437637329,0.9525080919265747,0,-7.152560215217818e-7,0.308381587266922,0.00002217290057160426,1]}]]}],"components":[["Transform",{"object_class":"Transform","uid":"@COMP-440bc2-e6bde9-10942eb-6ef","position":[0.000008106229870463721,0.26662400364875793,0.000011444099982327316],"rotation":[0.24171090126037598,-0.11417663842439651,-0.1299172192811966,0.9548094272613525],"scaling":[1,1.0000001192092896,0.9999998807907104],"matrix":[0.940170407295227,-0.3032878339290619,0.15522904694080353,0,0.19289693236351013,0.8493948578834534,0.49124276638031006,0,-0.28083863854408264,-0.43190860748291016,0.8570789694786072,0,0.000008106229870463721,0.26662400364875793,0.000011444099982327316,1]}]]}],"components":[["Transform",{"object_class":"Transform","uid":"@COMP-440bc2-e6bde9-16dc3e3-6ed","position":[-0.030170440673828125,0.3357115089893341,0.17448890209197998],"rotation":[0.2538571357727051,0.889022707939148,0.34496891498565674,-0.16183820366859436],"scaling":[0.9999998807907104,0.9999997019767761,0.9999999403953552],"matrix":[-0.8187297582626343,0.33971118927001953,0.4629012644290924,0,0.5630276203155518,0.6331058144569397,0.5312026739120483,0,-0.11261002719402313,0.6955379247665405,-0.7096095681190491,0,-0.030170440673828125,0.3357115089893341,0.17448890209197998,1]}]]},{"object_class":"SceneNode","name":"metacarpal1.L","uid":"@cf5::metacarpal1_L","layers":3,"node_type":"JOINT","flags":{"visible":true,"is_static":false,"selectable":true},"children":[{"object_class":"SceneNode","name":"finger2-1.L","uid":"@cf5::finger2-1_L","layers":3,"node_type":"JOINT","flags":{"visible":true,"is_static":false,"selectable":true},"children":[{"object_class":"SceneNode","name":"finger2-2.L","uid":"@cf5::finger2-2_L","layers":3,"node_type":"JOINT","flags":{"visible":true,"is_static":false,"selectable":true},"children":[{"object_class":"SceneNode","name":"finger2-3.L","uid":"@cf5::finger2-3_L","layers":3,"node_type":"JOINT","flags":{"visible":true,"is_static":false,"selectable":true},"components":[["Transform",{"object_class":"Transform","uid":"@COMP-440bc2-e6bde9-182c938-6f9","position":[0.000008821490155241918,0.19708919525146484,0.00000357628005076549],"rotation":[0.034187618643045425,0.011081608943641186,0.04920565336942673,0.998141884803772],"scaling":[1.0000001192092896,0.9999998807907104,0.9999998807907104],"matrix":[0.9949121475219727,0.0989861711859703,-0.018757589161396027,0,-0.097470723092556,0.9928199052810669,0.06933873891830444,0,0.025486480444669724,-0.06715762615203857,0.9974166750907898,0,0.000008821490155241918,0.19708919525146484,0.00000357628005076549,1]}]]}],"components":[["Transform",{"object_class":"Transform","uid":"@COMP-440bc2-e6bde9-1c21c46-6f7","position":[-0.00005960460111964494,0.2210220992565155,0.000025272400307585485],"rotation":[0.14805451035499573,0.020001331344246864,0.09718925505876541,0.9839888215065002],"scaling":[1,1,1],"matrix":[0.9803084135055542,0.1971888542175293,-0.01058355811983347,0,-0.18534371256828308,0.9372681975364685,0.2952558100223541,0,0.06814078986644745,-0.2874801456928253,0.9553596377372742,0,-0.00005960460111964494,0.2210220992565155,0.000025272400307585485,1]}]]}],"components":[["Transform",{"object_class":"Transform","uid":"@COMP-440bc2-e6bde9-102e4b8-6f5","position":[0.00004502569936448708,0.6447029113769531,-0.000003814699994109105],"rotation":[0.14529797434806824,0.010523094795644283,0.026131873950362206,0.9889867901802063],"scaling":[0.9999999403953552,0.9999998807907104,1.0000001192092896],"matrix":[0.9984127283096313,0.0547461211681366,-0.013220585882663727,0,-0.048630181699991226,0.9564111232757568,0.2879455089569092,0,0.028408223763108253,-0.2868455946445465,0.9575556516647339,0,0.00004502569936448708,0.6447029113769531,-0.000003814699994109105,1]}]]}],"components":[["Transform",{"object_class":"Transform","uid":"@COMP-440bc2-e6bde9-13bbabf-6f3","position":[-0.000014782000107516069,0.27371931076049805,-0.000006318090072454652],"rotation":[0.023465074598789215,0.85746169090271,0.1041211485862732,0.5033563375473022],"scaling":[1,1.0000001192092896,1],"matrix":[-0.4921635389328003,0.14506088197231293,-0.8583311438560486,0,-0.06457928568124771,0.9772164821624756,0.20218241214752197,0,0.8681039810180664,0.15493720769882202,-0.4715823233127594,0,-0.000014782000107516069,0.27371931076049805,-0.000006318090072454652,1]}]]},{"object_class":"SceneNode","name":"metacarpal2.L","uid":"@cf5::metacarpal2_L","layers":3,"node_type":"JOINT","flags":{"visible":true,"is_static":false,"selectable":true},"children":[{"object_class":"SceneNode","name":"finger3-1.L","uid":"@cf5::finger3-1_L","layers":3,"node_type":"JOINT","flags":{"visible":true,"is_static":false,"selectable":true},"children":[{"object_class":"SceneNode","name":"finger3-2.L","uid":"@cf5::finger3-2_L","layers":3,"node_type":"JOINT","flags":{"visible":true,"is_static":false,"selectable":true},"children":[{"object_class":"SceneNode","name":"finger3-3.L","uid":"@cf5::finger3-3_L","layers":3,"node_type":"JOINT","flags":{"visible":true,"is_static":false,"selectable":true},"components":[["Transform",{"object_class":"Transform","uid":"@COMP-440bc2-e6bdeb-1c584af-701","position":[-0.00000357628005076549,0.23963309824466705,-0.0000040531199374527205],"rotation":[0.15095658600330353,-0.04876662790775299,0.06463752686977386,0.9852187037467957],"scaling":[1,1,1],"matrix":[0.9868876338005066,0.11264090985059738,0.11560650914907455,0,-0.14208748936653137,0.9460682272911072,0.2911461889743805,0,-0.07657666504383087,-0.3037548065185547,0.9496678709983826,0,-0.00000357628005076549,0.23963309824466705,-0.0000040531199374527205,1]}]]}],"components":[["Transform",{"object_class":"Transform","uid":"@COMP-440bc2-e6bdeb-1031946-6ff","position":[0.00002232189945061691,0.2926105856895447,-0.00003182889849995263],"rotation":[0.2411464899778366,0.028141243383288383,0.17753972113132477,0.9536960124969482],"scaling":[0.9999999403953552,0.9999998211860657,1],"matrix":[0.9353753924369812,0.352210134267807,0.03194977343082428,0,-0.3250654637813568,0.8206559419631958,0.46995317935943604,0,0.1393025517463684,-0.44996851682662964,0.8821128606796265,0,0.00002232189945061691,0.2926105856895447,-0.00003182889849995263,1]}]]}],"components":[["Transform",{"object_class":"Transform","uid":"@COMP-440bc2-e6bde9-1ba046a-6fd","position":[0.00001066919958248036,0.6034126281738281,-0.000009536740435578395],"rotation":[0.2823479175567627,0.0716756209731102,0.10651446878910065,0.9506823420524597],"scaling":[0.9999999403953552,1.0000001192092896,0.9999998807907104],"matrix":[0.9670344591140747,0.24299776554107666,-0.07613320648670197,0,-0.16204793751239777,0.8178687691688538,0.5521153807640076,0,0.19642974436283112,-0.5215772986412048,0.8302844166755676,0,0.00001066919958248036,0.6034126281738281,-0.000009536740435578395,1]}]]}],"components":[["Transform",{"object_class":"Transform","uid":"@COMP-440bc2-e6bde9-1dd9a9b-6fb","position":[-0.000014782000107516069,0.27371931076049805,-0.000006318090072454652],"rotation":[-0.06923071295022964,0.7889449000358582,-0.047031402587890625,0.6087372899055481],"scaling":[1,1.000000238418579,0.9999999403953552],"matrix":[-0.2492920160293579,-0.16649797558784485,-0.9540083408355713,0,-0.051978908479213715,0.9859905242919922,-0.15849705040454865,0,0.9670323133468628,0.010076262056827545,-0.2544538676738739,0,-0.000014782000107516069,0.27371931076049805,-0.000006318090072454652,1]}]]},{"object_class":"SceneNode","name":"metacarpal3.L","uid":"@cf5::metacarpal3_L","layers":3,"node_type":"JOINT","flags":{"visible":true,"is_static":false,"selectable":true},"children":[{"object_class":"SceneNode","name":"finger4-1.L","uid":"@cf5::finger4-1_L","layers":3,"node_type":"JOINT","flags":{"visible":true,"is_static":false,"selectable":true},"children":[{"object_class":"SceneNode","name":"finger4-2.L","uid":"@cf5::finger4-2_L","layers":3,"node_type":"JOINT","flags":{"visible":true,"is_static":false,"selectable":true},"children":[{"object_class":"SceneNode","name":"finger4-3.L","uid":"@cf5::finger4-3_L","layers":3,"node_type":"JOINT","flags":{"visible":true,"is_static":false,"selectable":true},"components":[["Transform",{"object_class":"Transform","uid":"@COMP-440bc2-e6bdeb-17782d8-709","position":[0.00002217290057160426,0.21181149780750275,-0.00002717969982768409],"rotation":[0.32912999391555786,-0.13288238644599915,0.08246408402919769,0.9312440156936646],"scaling":[1,1,1],"matrix":[0.9510838985443115,0.06611721217632294,0.30177465081214905,0,-0.24105952680110931,0.7697462439537048,0.5910845994949341,0,-0.19320905208587646,-0.6349167227745056,0.7480314373970032,0,0.00002217290057160426,0.21181149780750275,-0.00002717969982768409,1]}]]}],"components":[["Transform",{"object_class":"Transform","uid":"@COMP-440bc2-e6bdeb-13f6455-707","position":[-5.960459930065554e-7,0.25748211145401,0.000013470599697029684],"rotation":[0.29645878076553345,0.03528986871242523,0.198691263794899,0.9334819912910461],"scaling":[1.0000001192092896,1,1.0000001192092896],"matrix":[0.9185529351234436,0.39187347888946533,0.05192263424396515,0,-0.3500254452228546,0.745267927646637,0.567501425743103,0,0.18369247019290924,-0.5394543409347534,0.8217337727546692,0,-5.960459930065554e-7,0.25748211145401,0.000013470599697029684,1]}]]}],"components":[["Transform",{"object_class":"Transform","uid":"@COMP-440bc2-e6bdeb-16a3b66-705","position":[0.000009417530236532912,0.5151205062866211,-0.00001525879997643642],"rotation":[0.37320807576179504,0.008710363879799843,0.031411439180374146,0.9271748065948486],"scaling":[1.0000001192092896,0.9999998211860657,1.0000001192092896],"matrix":[0.9978750348091125,0.0647493526339531,0.007293946575373411,0,-0.05174622684717178,0.7194579839706421,0.6926053166389465,0,0.039598070085048676,-0.6915110945701599,0.7212797999382019,0,0.000009417530236532912,0.5151205062866211,-0.00001525879997643642,1]}]]}],"components":[["Transform",{"object_class":"Transform","uid":"@COMP-440bc2-e6bdeb-1676e42-703","position":[0.05273104086518288,0.2982940971851349,-0.17843590676784515],"rotation":[-0.07582487910985947,0.79582279920578,-0.02873110957443714,0.6000759601593018],"scaling":[0.9999999403953552,0.9999998211860657,1],"matrix":[-0.268318772315979,-0.15516801178455353,-0.9507511258125305,0,-0.08620462566614151,0.9868500232696533,-0.1367310881614685,0,0.9594653248786926,0.045271631330251694,-0.27816668152809143,0,0.05273104086518288,0.2982940971851349,-0.17843590676784515,1]}]]},{"object_class":"SceneNode","name":"metacarpal4.L","uid":"@cf5::metacarpal4_L","layers":3,"node_type":"JOINT","flags":{"visible":true,"is_static":false,"selectable":true},"children":[{"object_class":"SceneNode","name":"finger5-1.L","uid":"@cf5::finger5-1_L","layers":3,"node_type":"JOINT","flags":{"visible":true,"is_static":false,"selectable":true},"children":[{"object_class":"SceneNode","name":"finger5-2.L","uid":"@cf5::finger5-2_L","layers":3,"node_type":"JOINT","flags":{"visible":true,"is_static":false,"selectable":true},"children":[{"object_class":"SceneNode","name":"finger5-3.L","uid":"@cf5::finger5-3_L","layers":3,"node_type":"JOINT","flags":{"visible":true,"is_static":false,"selectable":true},"components":[["Transform",{"object_class":"Transform","uid":"@COMP-440bc2-e6bdeb-16ef09a-711","position":[-0.0000019073499970545527,0.13542510569095612,-0.000006198879873409169],"rotation":[0.30921515822410583,-0.1033884808421135,0.11892436444759369,0.9378452897071838],"scaling":[0.9999999403953552,0.9999999403953552,1],"matrix":[0.9503355622291565,0.15912672877311707,0.26747119426727295,0,-0.28700384497642517,0.7804859280586243,0.555401086807251,0,-0.12037836760282516,-0.6045827865600586,0.7873936295509338,0,-0.0000019073499970545527,0.13542510569095612,-0.000006198879873409169,1]}]]}],"components":[["Transform",{"object_class":"Transform","uid":"@COMP-440bc2-e6bdeb-1a48df4-70f","position":[-0.000002592800001366413,0.18256710469722748,-0.000003337860107421875],"rotation":[0.22216197848320007,0.02996973879635334,0.1606588363647461,0.9612151980400085],"scaling":[0.9999998807907104,0.9999999403953552,1],"matrix":[0.9465810060501099,0.322171688079834,0.013769831508398056,0,-0.29553914070129395,0.8496655225753784,0.43672072887420654,0,0.12899930775165558,-0.4174611270427704,0.8994917273521423,0,-0.000002592800001366413,0.18256710469722748,-0.000003337860107421875,1]}]]}],"components":[["Transform",{"object_class":"Transform","uid":"@COMP-440bc2-e6bdeb-155eb6d-70d","position":[0.000008583069757150952,0.4654856026172638,-0.00002312660035386216],"rotation":[0.4137246906757355,0.09875451028347015,0.11948936432600021,0.8971074223518372],"scaling":[1.0000001192092896,0.9999999403953552,1.0000001192092896],"matrix":[0.9519398212432861,0.29610398411750793,-0.07831541448831558,0,-0.13267521560192108,0.6291083097457886,0.7659111618995667,0,0.27605822682380676,-0.7187108397483826,0.638158917427063,0,0.000008583069757150952,0.4654856026172638,-0.00002312660035386216,1]}]]}],"components":[["Transform",{"object_class":"Transform","uid":"@COMP-440bc2-e6bdeb-1781a79-70b","position":[0.05273104086518288,0.2982940971851349,-0.17843590676784515],"rotation":[-0.1314661204814911,0.6905750036239624,-0.18930286169052124,0.685556173324585],"scaling":[0.9999999403953552,1,1],"matrix":[-0.025458816438913345,-0.4411298930644989,-0.8970820307731628,0,0.07798105478286743,0.8937621712684631,-0.4417104721069336,0,0.9966297149658203,-0.08120083063840866,0.011645646765828133,0,0.05273104086518288,0.2982940971851349,-0.17843590676784515,1]}]]}],"components":[["Transform",{"object_class":"Transform","uid":"@COMP-440bc2-e6bde9-103da38-6eb","position":[0.000024795499484753236,0.9884433746337891,-0.0000010728799679782242],"rotation":[0.035106055438518524,0.026514044031500816,-0.05027554929256439,0.9977659583091736],"scaling":[0.9857518076896667,0.9967548847198486,0.988267183303833],"matrix":[0.9793826341629028,-0.09706190973520279,-0.05563541129231453,0,0.10185646265745163,0.9892591238021851,0.06717054545879364,0,0.048800308257341385,-0.07186804711818695,0.9844417572021484,0,0.000024795499484753236,0.9884433746337891,-0.0000010728799679782242,1]}]]}],"components":[["Transform",{"object_class":"Transform","uid":"@COMP-440bc2-e6bde9-17e0a3e-6e9","position":[0.00002050399962172378,0.9884377121925354,0.000009417530236532912],"rotation":[3.7252747553395693e-9,2.7939677238464355e-8,-1.1920926823449918e-7,1],"scaling":[0.9999998211860657,1,1],"matrix":[0.9999998211860657,-2.384184938364342e-7,-5.5879343818787675e-8,0,2.3841853646899835e-7,1,7.450542849340991e-9,0,5.587935447692871e-8,-7.450556172017286e-9,1,0,0.00002050399962172378,0.9884377121925354,0.000009417530236532912,1]}]]}],"components":[["Transform",{"object_class":"Transform","uid":"@COMP-440bc2-e6bde9-1aefba0-6e7","position":[-0.000032901800295803696,1.4623889923095703,-0.0000011026900210708845],"rotation":[0.11940066516399384,0.05390501022338867,0.03587448596954346,0.9907324314117432],"scaling":[0.9986745119094849,0.9939092397689819,0.9934554696083069],"matrix":[0.9903001189231873,0.0838453397154808,-0.09811379015445709,0,-0.05785689502954483,0.963011622428894,0.23899129033088684,0,0.11462266743183136,-0.2311975508928299,0.9593555927276611,0,-0.000032901800295803696,1.4623889923095703,-0.0000011026900210708845,1]}]]}],"components":[["Transform",{"object_class":"Transform","uid":"@COMP-440bc2-e6bde9-174b12d-6e5","position":[0.0000023841901111154584,0.7469664216041565,0.000002145769940398168],"rotation":[0.015855079516768456,0.008678240701556206,-0.009793291799724102,0.9997887015342712],"scaling":[1.0000001192092896,1,1.0000001192092896],"matrix":[0.9996576905250549,-0.01930725760757923,-0.017663363367319107,0,0.019857633858919144,0.9993054270744324,0.031533483415842056,0,0.017042269930243492,-0.0318734385073185,0.9993467330932617,0,0.0000023841901111154584,0.7469664216041565,0.000002145769940398168,1]}]]}],"components":[["Transform",{"object_class":"Transform","uid":"@COMP-440bc2-e6bde9-1eb9f31-6e3","position":[0.000014305100194178522,0.7041754722595215,-0.0000073909800448745955],"rotation":[0.1098671704530716,0.04127653315663338,-0.35289666056632996,0.9282722473144531],"scaling":[0.9999756813049316,0.9996784925460815,0.9996553063392639],"matrix":[0.7475022077560425,-0.6460827589035034,-0.15417148172855377,0,0.6640246510505676,0.7265526652336121,0.17478437721729279,0,-0.0009114804561249912,-0.23302564024925232,0.972115695476532,0,0.000014305100194178522,0.7041754722595215,-0.0000073909800448745955,1]}]]}],"components":[["Transform",{"object_class":"Transform","uid":"@COMP-440bc2-e6bde9-179be65-6e1","position":[-0.00003051759995287284,0.6763195991516113,0.000006079670129111037],"rotation":[0.004036651458591223,0.11941999197006226,-0.38003629446029663,0.9172213673591614],"scaling":[1.0000001192092896,1.0000001192092896,1.0000001192092896],"matrix":[0.6826226115226746,-0.6961907744407654,-0.22213731706142426,0,0.6981189846992493,0.7111123204231262,-0.08336286246776581,0,0.2160010188817978,-0.0981728807091713,0.9714452624320984,0,-0.00003051759995287284,0.6763195991516113,0.000006079670129111037,1]}]]}],"components":[["Transform",{"object_class":"Transform","uid":"@COMP-440bc2-e6bde9-1bc15aa-6df","position":[0.22197000682353973,0.7205095291137695,0.1274747997522354],"rotation":[-0.06118065491318703,0.08690085262060165,-0.6125127077102661,0.7832837104797363],"scaling":[1.0000001192092896,1.0000001192092896,1],"matrix":[0.23455287516117096,-0.9701758623123169,-0.061188194900751114,0,0.9489092826843262,0.24217024445533752,-0.20229940116405487,0,0.21108390390872955,-0.010612132027745247,0.9774103164672852,0,0.22197000682353973,0.7205095291137695,0.1274747997522354,1]}]]},{"object_class":"SceneNode","name":"clavicle.R","uid":"@cf5::clavicle_R","layers":3,"node_type":"JOINT","flags":{"visible":true,"is_static":false,"selectable":true},"children":[{"object_class":"SceneNode","name":"shoulder01.R","uid":"@cf5::shoulder01_R","layers":3,"node_type":"JOINT","flags":{"visible":true,"is_static":false,"selectable":true},"children":[{"object_class":"SceneNode","name":"upperarm01.R","uid":"@cf5::upperarm01_R","layers":3,"node_type":"JOINT","flags":{"visible":true,"is_static":false,"selectable":true},"children":[{"object_class":"SceneNode","name":"upperarm02.R","uid":"@cf5::upperarm02_R","layers":3,"node_type":"JOINT","flags":{"visible":true,"is_static":false,"selectable":true},"children":[{"object_class":"SceneNode","name":"lowerarm01.R","uid":"@cf5::lowerarm01_R","layers":3,"node_type":"JOINT","flags":{"visible":true,"is_static":false,"selectable":true},"children":[{"object_class":"SceneNode","name":"lowerarm02.R","uid":"@cf5::lowerarm02_R","layers":3,"node_type":"JOINT","flags":{"visible":true,"is_static":false,"selectable":true},"children":[{"object_class":"SceneNode","name":"wrist.R","uid":"@cf5::wrist_R","layers":3,"node_type":"JOINT","flags":{"visible":true,"is_static":false,"selectable":true},"children":[{"object_class":"SceneNode","name":"finger1-1.R","uid":"@cf5::finger1-1_R","layers":3,"node_type":"JOINT","flags":{"visible":true,"is_static":false,"selectable":true},"children":[{"object_class":"SceneNode","name":"finger1-2.R","uid":"@cf5::finger1-2_R","layers":3,"node_type":"JOINT","flags":{"visible":true,"is_static":false,"selectable":true},"children":[{"object_class":"SceneNode","name":"finger1-3.R","uid":"@cf5::finger1-3_R","layers":3,"node_type":"JOINT","flags":{"visible":true,"is_static":false,"selectable":true},"components":[["Transform",{"object_class":"Transform","uid":"@COMP-440bc2-e6bdeb-1025f91-725","position":[-0.00006985660002101213,0.3083209991455078,0.000017166099496535026],"rotation":[0.12238650768995285,0.028723977506160736,-0.08726775646209717,0.9882210493087769],"scaling":[0.9999999403953552,1,1.0000001192092896],"matrix":[0.98311847448349,-0.16544879972934723,-0.07813206315040588,0,0.17951051890850067,0.9548117518424988,0.2368764877319336,0,0.03541048988699913,-0.2469032257795334,0.968393087387085,0,-0.00006985660002101213,0.3083209991455078,0.000017166099496535026,1]}]]}],"components":[["Transform",{"object_class":"Transform","uid":"@COMP-440bc2-e6bdeb-10573e6-723","position":[-0.00001025199981086189,0.2666155993938446,0.000008106229870463721],"rotation":[0.26869016885757446,0.027684593573212624,0.12300851941108704,0.9549387693405151],"scaling":[1.0000001192092896,0.9999998211860657,1.0000001192092896],"matrix":[0.9682050347328186,0.2498084008693695,0.013228178024291992,0,-0.2200540006160736,0.8253488540649414,0.5199760794639587,0,0.11897655576467514,-0.5063545107841492,0.8540784120559692,0,-0.00001025199981086189,0.2666155993938446,0.000008106229870463721,1]}]]}],"components":[["Transform",{"object_class":"Transform","uid":"@COMP-440bc2-e6bdeb-1a17cd3-721","position":[0.056767940521240234,0.33570289611816406,0.16773630678653717],"rotation":[-0.16812366247177124,0.8422960042953491,0.4999414384365082,0.11104250699281693],"scaling":[1.0000001192092896,1.000000238418579,0.9999999403953552],"matrix":[-0.918808102607727,-0.17219029366970062,-0.3551653325557709,0,-0.3942493796348572,0.4435861110687256,0.8048597574234009,0,0.01895734667778015,0.8795350193977356,-0.47545620799064636,0,0.056767940521240234,0.33570289611816406,0.16773630678653717,1]}]]},{"object_class":"SceneNode","name":"metacarpal1.R","uid":"@cf5::metacarpal1_R","layers":3,"node_type":"JOINT","flags":{"visible":true,"is_static":false,"selectable":true},"children":[{"object_class":"SceneNode","name":"finger2-1.R","uid":"@cf5::finger2-1_R","layers":3,"node_type":"JOINT","flags":{"visible":true,"is_static":false,"selectable":true},"children":[{"object_class":"SceneNode","name":"finger2-2.R","uid":"@cf5::finger2-2_R","layers":3,"node_type":"JOINT","flags":{"visible":true,"is_static":false,"selectable":true},"children":[{"object_class":"SceneNode","name":"finger2-3.R","uid":"@cf5::finger2-3_R","layers":3,"node_type":"JOINT","flags":{"visible":true,"is_static":false,"selectable":true},"components":[["Transform",{"object_class":"Transform","uid":"@COMP-440bc2-e6bdeb-1b01bec-72d","position":[0.00001680850073171314,0.19708439707756042,0.000001251700041393633],"rotation":[0.11059433221817017,-0.016153037548065186,-0.14786522090435028,0.9826717972755432],"scaling":[0.9999998807907104,0.9999999403953552,0.9999999403953552],"matrix":[0.9557498097419739,-0.2941788136959076,-0.0009598417091183364,0,0.2870330810546875,0.9318094849586487,0.22213278710842133,0,-0.06445237249135971,-0.2125789076089859,0.9750158786773682,0,0.00001680850073171314,0.19708439707756042,0.000001251700041393633,1]}]]}],"components":[["Transform",{"object_class":"Transform","uid":"@COMP-440bc2-e6bdeb-1c64561-72b","position":[-0.00002378230055910535,0.2211465984582901,-0.000003814699994109105],"rotation":[0.07633239030838013,-0.023385733366012573,-0.08376693725585938,0.9932821989059448],"scaling":[1.0000001192092896,0.9999997615814209,1.0000001192092896],"matrix":[0.9848725199699402,-0.16997860372066498,0.03366900980472565,0,0.1628381907939911,0.9743127226829529,0.1555570811033249,0,-0.05924553424119949,-0.1477213203907013,0.9872530698776245,0,-0.00002378230055910535,0.2211465984582901,-0.000003814699994109105,1]}]]}],"components":[["Transform",{"object_class":"Transform","uid":"@COMP-440bc2-e6bdeb-17618e3-729","position":[-0.0000451952000730671,0.6446217894554138,-0.0000619888014625758],"rotation":[0.21806927025318146,-0.03453509509563446,0.03414967656135559,0.9747239947319031],"scaling":[0.9999998807907104,1.0000003576278687,1],"matrix":[0.9952821135520935,0.051510926336050034,0.08221835643053055,0,-0.08163513243198395,0.9025594592094421,0.4227561354637146,0,-0.05243038013577461,-0.42747342586517334,0.9025062322616577,0,-0.0000451952000730671,0.6446217894554138,-0.0000619888014625758,1]}]]}],"components":[["Transform",{"object_class":"Transform","uid":"@COMP-440bc2-e6bdeb-112ebf8-727","position":[-0.00006151200068416074,0.273716002702713,0.00001919269925565459],"rotation":[-0.0044218092225492,0.8695979118347168,0.10663913935422897,-0.4820871651172638],"scaling":[1,0.9999999403953552,1.0000001192092896],"matrix":[-0.5351448655128479,-0.11050911247730255,0.8375009298324585,0,0.09512832015752792,0.9772170186042786,0.1897297203540802,0,-0.8393871784210205,0.1812029629945755,-0.5124402046203613,0,-0.00006151200068416074,0.273716002702713,0.00001919269925565459,1]}]]},{"object_class":"SceneNode","name":"metacarpal2.R","uid":"@cf5::metacarpal2_R","layers":3,"node_type":"JOINT","flags":{"visible":true,"is_static":false,"selectable":true},"children":[{"object_class":"SceneNode","name":"finger3-1.R","uid":"@cf5::finger3-1_R","layers":3,"node_type":"JOINT","flags":{"visible":true,"is_static":false,"selectable":true},"children":[{"object_class":"SceneNode","name":"finger3-2.R","uid":"@cf5::finger3-2_R","layers":3,"node_type":"JOINT","flags":{"visible":true,"is_static":false,"selectable":true},"children":[{"object_class":"SceneNode","name":"finger3-3.R","uid":"@c